Hidden Layer --> (100, 60, 30, 10)

###input keV 65, 90, 120###
(80, 12057) (15, 12057)
after pca feature shape:  (80, 37)
after pca feature shape val:  (15, 37)
img type:  CT_mergedkev
Y_val:  [2 1 3 1 0 0 2 3 2 1 2 0 0 1 3]     0->0, 1->1, 2->0, 3->1
Y_pre:  [2 1 3 0 0 0 2 3 2 1 2 0 0 1 1]


###input keV  65, 135###
(80, 8038) (15, 8038)
after pca feature shape:  (80, 37) (15, 37)
Y_val:  [1 0 3 0 2 2 3 1 3 0 1 1 0 2 2]     0->0, 1->2, 2->1, 3->0
Y_pre:  [1 0 3 0 2 2 3 0 3 0 1 2 0 2 0]



###input keV 65, 85, 135###
(80, 12057) (15, 12057)
after pca feature shape:  (80, 37) (15, 37)
Y_val:  [1 0 3 3 2 3 1 2 2 2 0 0 1 1 0]     0->0, 1->2, 2->1, 3->1
Y_pre:  [1 0 3 1 2 3 2 2 2 1 0 0 1 0 0]


###input keV 65, 85, 120###
(80, 12057) (15, 12057)
after pca feature shape:  (80, 37) (15, 37)
Y_val:  [0 3 1 3 3 1 1 2 2 1 0 2 0 0 2]     0->0, 1->1, 2->0, 3->0
Y_pre:  [0 3 0 3 3 1 1 2 2 1 0 2 0 0 2]


####################################################################################################
image in keV:  40
(80, 4019) (15, 4019)
after pca feature shape:  (80, 31) (15, 31)
Y_val:  [0 3 3 0 0 2 1 0 3 2 1 2 1 1 2]   label ---> associated error
Y_pre:  [3 3 3 0 0 2 2 0 1 2 0 2 1 2 2]     0->1,1->3,2->1,3->1
################################
image in keV:  45
(80, 4019) (15, 4019)
after pca feature shape:  (80, 32) (15, 32)
Y_val:  [0 2 0 1 1 3 3 0 1 1 2 2 3 2 0]     0->1, 1->1, 2->1, 3->1!!!!
Y_pre:  [3 1 0 1 1 3 1 0 1 2 2 2 3 2 0]
################################
image in keV:  50
(80, 4019) (15, 4019)
after pca feature shape:  (80, 33) (15, 33)
Y_val:  [2 0 0 1 1 0 2 1 1 2 3 3 0 3 2]     0->1, 1->1, 2->1, 3->2
Y_pre:  [2 3 0 0 1 0 2 1 1 2 0 3 0 1 1]
################################
image in keV:  55
(80, 4019) (15, 4019)
after pca feature shape:  (80, 34) (15, 34)
Y_val:  [3 1 3 1 2 2 0 0 0 3 1 1 2 2 0]     0->1, 1->2, 2->1, 3->2
Y_pre:  [3 1 1 0 2 2 0 3 0 3 1 0 1 2 0]
################################
image in keV:  60
(80, 4019) (15, 4019)
after pca feature shape:  (80, 34) (15, 34)
Y_val:  [2 2 0 3 1 0 3 1 1 3 2 2 0 0 1]     0->1, 1->2, 2->1, 3->1
Y_pre:  [2 2 3 3 1 0 0 0 0 3 0 2 0 0 1]
################################
image in keV:  65
(80, 4019) (15, 4019)
after pca feature shape:  (80, 35) (15, 35)
Y_val:  [0 1 1 0 2 2 0 3 1 2 0 3 2 3 1]     0->0, 1->2, 2->0, 3->1
Y_pre:  [0 1 0 0 2 2 0 1 1 2 0 3 2 3 2]
################################
image in keV:  70
(80, 4019) (15, 4019)
after pca feature shape:  (80, 35) (15, 35)
Y_val:  [1 2 2 3 0 0 1 1 2 0 3 2 0 1 3]     0->0, 1->3, 2->1, 3->1
Y_pre:  [1 2 2 0 0 0 2 0 2 0 3 1 0 0 3]
################################
image in keV:  75
(80, 4019) (15, 4019)
after pca feature shape:  (80, 34) (15, 34)
Y_val:  [1 3 2 1 1 0 3 2 0 2 3 0 0 2 1]     0->0, 1->2, 2->1, 3->1
Y_pre:  [1 3 1 1 0 0 0 2 0 2 3 0 0 2 0]
################################
image in keV:  80
(80, 4019) (15, 4019)
after pca feature shape:  (80, 34) (15, 34)
Y_val:  [1 3 2 1 2 2 0 0 1 3 2 3 1 0 0]     0->0, 1->0, 2->2, 3->2
Y_pre:  [1 1 1 1 2 1 0 0 1 3 2 0 1 0 0]
################################
image in keV:  85
(80, 4019) (15, 4019)
after pca feature shape:  (80, 33) (15, 33)
Y_val:  [1 0 3 3 2 1 2 2 0 1 2 0 3 0 1]     0->0, 1->3, 2->2, 3->2
Y_pre:  [2 0 1 0 3 1 2 2 0 0 1 0 3 0 0]
################################
image in keV:  90
(80, 4019) (15, 4019)
after pca feature shape:  (80, 34) (15, 34)
Y_val:  [1 2 0 1 0 3 2 0 1 2 3 2 3 1 0]     0->0, 1->2, 2->1, 3->1
Y_pre:  [1 2 0 0 0 1 2 0 1 0 3 2 3 0 0]
################################
image in keV:  95
(80, 4019) (15, 4019)
after pca feature shape:  (80, 35) (15, 35)
Y_val:  [1 2 0 2 0 3 0 3 1 2 2 1 0 3 1]     0->0, 1->1, 2->0, 3->2
Y_pre:  [1 2 0 2 0 0 0 3 0 2 2 1 0 0 1]
################################
image in keV:  100
(80, 4019) (15, 4019)
after pca feature shape:  (80, 34) (15, 34)
Y_val:  [3 2 2 0 1 2 3 0 1 2 0 0 1 3 1]     0->0, 1->2, 2->2, 3->1
Y_pre:  [3 0 2 0 1 0 3 0 0 2 0 0 0 1 1]
################################
image in keV:  105
(80, 4019) (15, 4019)
after pca feature shape:  (80, 34) (15, 34)
Y_val:  [3 2 1 1 0 2 0 2 3 1 0 1 3 2 0]     0->0, 1->1, 2->2, 3->1
Y_pre:  [1 2 0 1 0 0 0 2 3 1 0 1 3 0 0]
################################
image in keV:  110
(80, 4019) (15, 4019)
after pca feature shape:  (80, 34) (15, 34)
Y_val:  [1 1 3 0 1 2 3 0 3 2 2 0 0 2 1]     0->0, 1->1, 2->2, 3->2
Y_pre:  [1 1 1 0 0 0 0 0 3 2 0 0 0 2 1]
################################
image in keV:  115
(80, 4019) (15, 4019)
after pca feature shape:  (80, 34) (15, 34)
Y_val:  [2 3 0 1 2 2 0 0 3 0 3 2 1 1 1]     0->0, 1->1, 2->1, 3->2
Y_pre:  [2 1 0 1 2 2 0 0 0 0 3 0 1 0 1]
################################
image in keV:  120
(80, 4019) (15, 4019)
after pca feature shape:  (80, 34) (15, 34)
Y_val:  [0 3 0 1 0 0 1 2 2 1 1 2 3 3 2]     0->0, 1->1, 2->2, 3->2
Y_pre:  [0 3 0 1 0 0 0 0 2 1 1 2 0 0 0]
################################
image in keV:  125
(80, 4019) (15, 4019)
after pca feature shape:  (80, 34) (15, 34)
Y_val:  [2 0 0 1 2 0 0 3 1 3 1 1 2 3 2]     0->0, 1->2, 2->3, 3->2
Y_pre:  [0 0 0 0 0 0 0 1 0 3 1 1 1 1 2]
################################
image in keV:  130
(80, 4019) (15, 4019)
after pca feature shape:  (80, 34) (15, 34)
Y_val:  [0 3 1 2 0 2 2 0 3 2 1 0 3 1 1]     0->0, 1->2, 2->2, 3->1
Y_pre:  [0 1 0 2 0 1 2 0 3 0 1 0 3 0 1]
################################
image in keV:  135
(80, 4019) (15, 4019)
after pca feature shape:  (80, 34) (15, 34)
Y_val:  [0 2 0 1 3 3 0 2 1 2 0 1 3 2 1]     0->0, 1->3, 2->1, 3->0
Y_pre:  [0 2 0 0 3 3 0 2 0 0 0 0 3 2 1]
################################
image in keV:  140
(80, 4019) (15, 4019)
after pca feature shape:  (80, 34) (15, 34)
Y_val:  [3 3 0 2 2 0 1 1 1 2 3 0 0 2 1]     0->0, 1->2, 2->1, 3->1
Y_pre:  [3 1 0 0 2 0 0 1 1 2 3 0 0 2 0]
################################




